677
738
248
598662
1
241995
490860
493881
493471
1
1
381337
485444
248
766
624958
724203
473132
1
432843
574
292536
952685
213
511545
245
706736
1
260482
702528
558745
1
758
846
517692
165475
613333
738
574
361487
285659
738
738
1
616495
1
497364
572348
432479
759177
153
213
903
88
407534
541619
330917
349349
714581
1
1
383284
574
188
167
645
574
395945
264244
428030
612153
610292
1
738
1
574
682944
677
738
498996
1
854256
514300
620543
758
469032
1
504475
420356
738
574
574
500212
489224
1
626881
677949
729036
738
602866
633901
717720
424807
543194
634123
543327
469613
515290
574
753636
685621
1
574
556959
315
248
362601
216535
645
259954
492474
404
121
422206
738
518866
659250
645
606424
534270
1
422476
738
694382
645
311
473658
663800
647815
1
857774
245
208
248
738
372634
1
385629
851739
677
1
1
629579
635176
434442
1
242555
417149
580218
574
483852
673295
421066
574
709001
248
505188
943
574
746618
669623
701081
248
878253
411
623189
498
574
1
601384
88
248
881512
468474
442790
243472
88
342800
248
317456
1
383980
478519
438027
248
178
1
605782
502262
1
1
1
776
589767
248
248
303475
998256
389641
677
398984
738
484084
519272
666906
378638
223560
352631
545
1
248
248
512901
455467
585015
1
473058
738
1
248
738
382488
405294
367
738
430851
428383
677
645
367
371675
616081
269063
1
678001
589695
738
497234
497809
282050
88
742138
482224
248
213
362784
432896
645
551161
1
450516
708535
227333
283137
404958
121
520321
668058
1
498
574
386419
248
351
290357
574
1
213
529150
704290
1
602531
573473
689015
574
274
1
1
643588
509927
276749
529004
415167
645
746337
714651
776
833639
391662
98
593840
394653
832
574
449825
562332
639893
439433
955
738
738
645
531084
518182
392193
586518
675
540458
248665
248
766
814201
1
246154
164605
1
1
248
582152
248
738
397097
574
245444
738
443506
733441
222898
514776
583547
574
1
574
755357
644452
871099
934844
574
782691
1
574
334604
1
433156
444319
342921
506040
520306
738
660270
132408
208
797679
248
556023
738
1
664683
606398
468307
505804
1
479737
596682
585288
642536
304
600915
1
466531
1
738
321832
796038
574
552741
366911
350052
672
624410
574
738
1
361537
460465
248
677
850
574
694887
248
653968
135479
832
678914
315520
574
741
574
499283
494091
1
248
408998
398029
88890
1
667796
656879
645
574
467097
426095
167
88
592751
251602
555641
454899
246
639682
450387
248
972
460709
574
760342
711078
574
903
248
614397
445372
533209
738
972
379686
546898
1
121207
312888
758
665912
248
518350
574
738
613386
374862
1
282692
539969
502460
968
211433
1
337233
102190
684610
493601
359878
98
1
498
387175
248
676438
684372
352083
370410
677
738
738
741214
661689
1
826825
447030
624328
581492
485957
453438
538324
248
278671
498131
282452
537753
305714
555416
216548
384353
248
738
1
618046
738
574
1
304
463032
678546
645
1
547824
574
820266
738
50368
584472
559299
645
379154
544800
605090
574
405960
738
645
248
265440
520188
780237
215549
738
645
383497
645
599317
373
473741
1
432
968
574
849500
955
208
248
248
1
1
538271
462126
748475
738
248
615320
498986
574
1
532022
248
777171
248
1
306800
574
442018
766
732
248
570533
248
328590
1
167682
668669
467484
574
1
738
248
452524
654661
738
574
524745
1
490013
480645
647858
363266
98
574
1
248
470678
540872
433430
597651
757706
425
484744
738
213
625492
1
254504
601439
248
540606
572585
342359
462760
574
293857
574
574
611194
459564
499060
621682
121
27
1
400868
738
527995
355520
458823
248
483285
248
1
1
928
645
906479
574
574
547
758
598254
1
444724
248
645
574
751369
687783
677
632475
598
983
426
1
254893
399999
592925
292267
574
598246
1
482739
422
1
738
1
574
1
1
452782
1
729896
43
219806
699797
574
738
449157
565402
374359
1
282633
474
606262
574
1
1
498958
430
275298
461775
804668
466127
645
1061761
490918
645
815114
509677
776
535
706539
574
535
473899
444727
574
490721
645
500518
594904
1
381835
410368
574
738
600781
376513
658049
181848
457023
622103
327676
688626
574
574
422
420713
645
571484
492357
574
832
488341
248
574
606955
353922
465340
574
812460
1
758
983
245
882934
248
738
738
700080
795335
248
462602
501661
357402
574
321790
997
738
248
449931
513194
584122
1
921040
722128
1020536
607534
248
645
537504
306863
1
453117
574
525996
395921
574
1
757073
746983
1
574
499501
280581
507851
264361
1
738
88
388537
776
662506
384170
738
430226
1
425323
525236
1
491220
95314
1
338195
645
396214
358871
787635
449284
1
567896
231347
648310
213
574
630275
574
432944
248
574
498164
248
248
255526
723604
738
421679
645
374666
711
597903
846
968
349255
1
248
1
560586
350042
353790
248
574
776
554698
248
1
591918
501857
738
1
945482
635744
509758
185
555800
450
738
395954
758
1
719811
574
832
255682
250021
261992
732315
470251
1
597820
738
1
577464
574
248
1
538452
470946
1
574
524862
262029
546276
685
841
724529
672896
574
623133
591679
270
248
731978
1
645
98
700319
27
248
622
1
347039
198454
248
686654
465667
447837
420959
507916
574
578797
574
738
670262
738
645
738
573062
584529
564741
211081
604
186220
304
610476
766
470411
574
788376
520660
824451
639019
832
643574
153
738
412647
575329
248
738
519816
698040
552993
738
248
262333
744059
304
574
574
248
241236
758
357168
758
639831
440627
36
1
738
1
846541
638988
442970
329297
766
544771
375378
457208
738
83473
88
658295
1
766
645
248
1
657240
505067
738
493630
804745
1
574
521128
1
393391
560752
464
404093
1
607596
248
1
569200
593462

273322
591
528331
1
1
914749
1
393000
623869
482856
7
588193
1
651498
569388
590
120
719463
637758
278176
389944
554
79
490286
846
1
179979
554
715799
464207
774716
506929
479611
533
846
381027
279
793
675221
1
554
361
528262
1
1
750506
7
189903
369969
1
809945
681889
479
361
558549
279
633400
1
976585
1
498
1
517297
1
422639
1
659868
1075971
979
1
279
424256
457588
846
468854
554
461729
846
597760
79
1
1042755
644159
1
503322
393604
979
644266
136
604473
704435
1
574
361
922979
783195
814930
942422
430894
554
476825
517
554
79
790
625223
1074172
569498
554650
618744
1
580815
361
873091
462669
166611
1
1
451550
793
279
279
584197
361
896
367143
633080
455993
1
554
535989
790
631839
279
756580
279
1
948167
846
357677
536090
731205
756
68
1
1
954573
351934
68
136
198795
846
279
695450
850232
1083433
79
658568
1
1
549047
350029
846
886
79
775074
674590
1
680731
585716
575247
979
279
7
637672
746811
1
1050627
361
1
1
555426
927614
423
168198
405232
79
1
823727
789780
714351
846
932065
790
1
600869
488793
456476
196093
1
694285
279
1
7
925899
761257
526791
292269
333863
498
552302
595339
423
279
910
917
196452
368246
1
1025336
7
790
530218
1
721258
746357
327430
901814
786702
696182
490801
1
235930
535812
384095
554
974431
447295
1
1001853
361
1
790
279
183291
529023
671827
397593
339770
979
1
917238
406576
713367
515829
873920
1
554
613240
423
1
588528
640
846
568752
297092
68
1
752204
574
920101
570126
790
200
311990
437384
1
1
7
469850
622
1
829952
753524
758582
743668
79
83
395691
1
843140
818115
189664
576752
657584
1
7
896856
879851
279
243055
420
279
1
516405
361
269457
787192
588500
1
628827
574
1
558665
169
1
731494
416649
928674
745374
615818
1
554
736397
305056
453486
394063
1
317733
530472
423316
874
361
682432
506680
731688
361
979
1
1
79
758
1046571
1
97660
482611
459477
675466
1
1
513845
1
425318
796732
608
280672
504401
555749
846
511422
279
724813
585800
840461
1
317179
361
361
256490
604899
724
361
7
232632
548903
632021
1
1
405556
526296
574
508143
1
361
846
810696
552747
467190
744752
433628
443
303824
1
859928
1
1
1
384
616467
648023
576213
1
846
647720
437464
1
759196
666692
598160
628796
286
361
574905
846
1060792
361
279
632297
1
530400
846
361
79
7
683542
574
602149
279
136
79
279
450911
613294
1
1
484012
1
1
428079
288
7
647974
774
733553
489537
220161
1
475678
498
1
167693
1
988
554
773188
713812
475475
397094
136
1
502505
707054
612399
566840
614629
279
465242
574
641494
697113
1
471211
136
476513
1
833308
559942
846
105348
279
553111
1
1
1
279
488611
437547
606070
456304
259635
1
534535
1
1
136
997161
534350
689043
538659
846
1
0
361
1
1
504861
444832
1
630901
457126
587515
1
545627
265428
695019
1
680043
423
145
587936
7
413644
115786
100
262180
1
1
499888
485221
418731
644978
733
773
35
279
1
77560
1
790
717677
361
197953
790
332370
1
810505
79
574
7
288680
504
263823
546441
485585
361
904847
279
1
529512
361
441448
488169
1
1
279
566641
715475
640024
1
721755
383
618863
1294772
452661
1
978011
846
727733
253866
279
169
274
1
724
633862
1
1
434522
1
558879
790
588525
274018
947536
712164
279
273038
1060346
478906
904147
1057936
755331
654905
458043
718339
846
499848
79
574
1
279
1
896
713612
279
554
1
450888
379413
1
545735
563213
356381
938202
574
504
262289
774
279
434442
574
1
689513
992243
979
446921
494816
453
498
66336
296
646756
598429
529
798
574
504
654097
446136
332615
1037752
592056
755646
1
1085297
361
554
846
258908
460982
915
979
450990
478962
514413
1
657943
383
490611
1
439023
79
1
800391
458561
569144
361
258002
1
347743
554
361
1
558650
1
502771
846
472459
1
574
1
1
1
793860
1135122
623570
468034
279
1
1
846
676928
686895
846
652645
554
361
574
1
361
1
564439
574
1
1
517494
1
873729
361
500198
824770
361
361
538857
469831
1
775179
205
1
279
279
507318
264892
1
279
908334
697900
614644
1
274
395160
347940
279
1
345550
214667
633503
592934
1
829817
445651
846
361
388645
300097
1
1
577988
361
279
486856
361
846
904136
219
361
632833
846
1011342
1
1
1
554
279
463751
574
1
607624
820125
391
846
1
554
68
279
279
1
500728
1
219
846
790
91
361
762179
1
560331
100
361
279
1
1011112
1
370319
920614
1
970399
392350
865957
361
540032
518748
250980
1
361
449525
361
554
1
451375
824505
979
279
601234
1
544648
1107167
79
660705
1
856950
383
361
361
365225
1
554
739069
920895
553877
1
979
136
739879
79
1
1
1
336
270610
1
632941
7
532999
169
501
556407
286215
585547
35
410321
347034
747248
478519
274
354906
1
836504
669518
979
79
990
836245
1008783
279
1
464313
458275
7
495693
169
501315
463834
1
724869
7
623105
1
35
496898
1071054
279
1068001
729153
361
690134
361
498
393081
1061299
1
433929
501752
660107
169
979
1100861
554
1
790
7
554
874
960132
412223
562492
937540
1
1
1
485321
1
560208
846
449847
574
641380
529514
1
504
500888
208123
415
1
1
1
361
542082
790
1
316801
1
822202
279
807573
780033
436562
462040
1067327
136903
7
48528
255744
469790
1
629487
406271
646113
164553
807306
754306
1
1011266
756
704212
398461
1
1
361
451971
273608
641544
258013
1
279
1039013
554
759531
452064
869096
488063
508174
1
360248
504
361
533756
269340
361
979
7
279
7
1
361
341
424
554
731956
1

400801
726
1
444422
429075
422832
554520
1
612060
462894
551027
374570
626347
724559
457438
1
374
1
827
337524
517896
390777
297229
1
681
344
301268
1
667033
1
1
344
35
369301
1
1
734197
627208
802
319393
679
1
536
226205
614113
1
695240
637740
332526
852
1
344
339347
718470
878
878
852
626078
318005
202
604346
57174
333811
402743
545010
202
644652
788306
1
446173
193133
440
344
447925
358214
763169
689017
852
1
1
395136
284
740054
594556
469765
1
378684
344
1
408502
1
840686
802
440
394144
488865
223000
1
358
330568
1
548916
1
435990
625138
406324
1
1
414
662917
753428
344
539310
669631
374
779020
1
1
1
551298
232957
580241
1
1
831
1
1
1
344
996523
852
250202
1
629193
1
568137
1
440
1
557490
1
802
246929
802
441143
475918
499156
1
439110
440
344
529485
307
1
68
288047
1
1
277993
344
435988
735102
386330
1
181
683382
1
329863
1
1
1
490991
563199
1
1
1
339792
321287
1
264395
489986
1
501574
1
414
357904
315691
294454
1
1
802
1
344
598521
1
289721
677396
440637
1
409313
1
802
117412
1
344
852
315569
1
260241
386436
376820
212417
1
307
680
545390
550684
493905
802
509
233316
213761
521896
1
247146
488151
354133
370036
1
1
333523
825016
497116
1
497516
522965
344
603287
360081
210
1
532837
344
743677
693629
1
1
575419
525557
487983
1
490861
1
852
202
444
502
455555
852
537609
1
517006
90
379715
610288
327317
719
414683
512078
393489
448513
639759
852
403924
439990
147933
521
626777
419201
292910
184455
876
1
1
1
638770
259429
1
590793
286573
508586
109501
505070
371
424063
202
1
1
1
484267
399699
535153
466137
333406
336202
414
537731
299504
344
802
540724
414
827
245600
802
374
737587
318793
852
202
505340
414
1
1
202
744042
475152
382188
841589
689894
440
423325
1
1
423873
482988
1
486556
575361
389815
415444
1
571761
238
1
440
1
258936
1
834418
1
1
536588
504452
440
596067
396598
1
308190
1
485603
554831
496550
335996
423614
1
260
374
218621
296096
181
683443
1
849
802
527867
344
636225
489683
326917
1
285082
344
70
1
587406
479746
337288
225851
1
364956
267179
802
852
344
259999
545770
616844
523354
852
471763
434118
416827
597391
794753
305156
225883
1
480085
440
1
210
438584
1
450359
1
422366
852
1
675145
614303
372038
1
802
1
573660
384235
1
1
1
600958
389124
527831
852
1
340928
1
653213
619849
210890
515747
242412
297
1
289833
1
1
374
1
491499
453227
522427
513447
762126
1
498868
1
1
528945
1
1
658920
487410
1
294379
1
349
374
731917
1
1
743814
436404
662377
344
208190
456861
635209
506398
802
1
374
181
1
556835
836731
494716
355159
63
543475
1
1
440927
711522
518220
452779
230
202
1
378499
521648
681
731010
446151
997
413477
397
1
902
445
714215
446980
378276
1
199689
385212
554544
668945
225690
263582
528693
1
852
852
319643
1
1
344425
353359
797862
144754
433802
1
392231
802
623590
743
1
328370
245855
345592
416895
1
344
198287
1
1
510
863250
563092
458790
509381
344
494168
902
414
1
544368
210580
741953
483793
1
642273
202
1
344
523405
1
135884
701926
344
636833
598662
6
1
656198
1
15
802
1
1
487
379407
344
202
421524
1
470030
346202
440
732605
398142
1
202
1
747
236716
278965
1
470047
276202
1
476182
1
539065
1
564328
1
1
87
1
1
621369
1
1
277
1
1
1
420398
852
500289
671581
619125
322009
307
441358
1
286553
1
1
1
747850
550667
1
1
974
437098
852
563
727196
348427
1
1
455135
372433
374
771163
440
344
139268
1
125574
1
640959
852
377910
1
372452
83949
181
1
1
30
823
366511
1
471
1
791
470290
202
1
1
209402
439273
469177
362990
229
551310
587039
1
452
852
394668
1
496815
203647
461640
280603
714489
683667
485608
902
349
852
1
118
1
1
374
393665
1
802
1
314482
433282
753875
165434
1
1
347483
684005
517698
702801
697786
1
355302
1
259234
1
90
593
535
1
344
399311
552486
327009
666052
1
455299
1
644920
288279
666815
395163
802
398128
410535
1
1
1
802
894073
362239
852
1
1
1
496032
802
414
414
414
207033
414
852
1
688053
679323
852
1
423
1
450278
505
301496
386964
467168
556697
1
202
447371
1
126875
344
598212
787868
438924
634450
852
598911
619655
238
802
271393
1
397935
290322
202
62053
1
532641
344
1
1
412536
423745
371706
548
344
1
802
414
234729
1
440
118
772475
1
402916
267
1
1
1
202
371
414
852
1
1
802
277
284
1
1
493565
1
852
1
288356
1
665376
295261
344
481614
712915
852
202
207073
852
750947
157506
1
802
852
1
558013
327199
538652
403689
735868
202
248331
1
1
1
872882
366607
312943
510261
722341
608736
541357
697740
852
631778
852
1
1
496707
1
537617
1
330573
481077
282452
676876
787
516789
510
390638
414
1
430921
434552
387157
1
684985
1
509627
1
415758
374
675494
1
447181
519455
802
458183
254184
1
262054
652
852
411106
432082
852
802
344
1
262660
49717
659123
227532
752115
202
387577
202
1
398764
1
484874
399473
476913
1
1
391893
1
1
1
1
1
599049
410276
151393
1
1
846572
424071
740114
489493
1
1
1
344
202
852
1
615750
494994
555735
479704
1
1
365407
1
289423
688019
400175
630143
315476
516265
629367
1
1
344
625592
230172
852
1
1
1
852
731669
874200
440
1
414
542436
1
1
1
560701
344
615341
535779
802
550186
1
553599
597897
1
1
1
202
369474
187176
802

766
165426
690501
706
477942
457
1
257
1
1
681954
706
706
629315
474819
356803
847
671
478136
754225
706
524896
655454
481436
287
1
908218
1071658
418234
623
454554
164
448
759
97432
360314
31
208
263
706
257
706
1
512434
1
1
910600
287
417769
287
785
421
719811
759
754
625787
582092
706
643
287
759
507902
358079
31
664550
287
681945
1
480023
706
602764
723526
902577
847044
426484
200
791
618109
843920
759
78
173301
935618
458913
1
862305
695133
759
604327
287
405127
741477
1
591606
1
596509
139
810241
759
847
1
654
790908
873
359542
1
540611
1
287
331
1
881781
825875
88809
365
759
121774
729824
1
388648
759
631204
671
484428
31
754
586279
390253
704270
535598
759
640151
592987
706
1
727831
1
866164
1129191
1
706
505
1
257
454174
1
661550
826876
658971
512799
257
582274
562566
1
756357
847044
1137428
630164
821
573842
683949
759
1
258
31
759
526452
99
1
420525
590816
1
604428
826
399678
368446
653555
596277
600430
608
623
632
480
272
1
1278116
309971
706
333338
641542
857754
619
388003
448762
550870
545515
619
1
489530
484077
645944
103
439789
514538
200
327429
616405
759
287
437990
482806
31
1
1
575368
389198
464666
103
1103009
589865
1
110
745320
951
583076
1028404
710141
463818
759
477
380297
623
658303
847
1
648180
748258
1
759
556572
529
433527
608
996179
186601
677627
572554
733953
1
1
505876
329313
451466
287
539631
623
287
785558
287
705855
713269
1
154
771074
272
356075
847029
1
1327910
757440
99
755726
759
287
619
754
613319
706
758230
382926
563279
615134
216
643
619
767026
619
589127
68
706
666949
31
706
457
287
706
351
521820
677
1
31
403889
1120748
946615
669
432
688942
792991
693343
847
367310
826
652614
164
287
1121281
872970
495900
287
287
781842
574547
1
771820
369983
139
667430
946602
737259
457
826
739732
287
287
619
759
847
706
706
678466
1
1
773758
406455
287
859393
790885
1
768509
887370
396
364514
692
31
826
658731
917435
759830
710145
628219
914
1038080
1016553
619
980290
1
1
647590
642935
287
306580
501040
759
1000701
782002
1
759
817472
632
765124
759
847
1
432
847
663986
940081
1
287
1
1
371797
907
681060
759
759
641427
272
323470
355276
500887
1
590913
457
315341
207
620850
1
919779
335406
1
536422
172113
645557
1
1
915476
368659
759
660410
759
887412
553670
671
591290
323400
563446
406381
619
287
1
287
335310
826
571704
799655
507636
759
610
529
781460
287
759798
428473
499311
710
492299
1
847
78
454101
833481
671413
287
907328
287819
26
706
1027405
572662
692
1
1
179898
1
671
885110
441
1
928805
627152
10766
1
287
570028
638792
31
31
701
287
427422
899545
272
826
496532
1
31
998202
1
795836
631
667399
619
847
880185
168087
923655
623
458248
759
833
759
287
139
640422
759
302060
875788
1
596521
437301
1
107
682378
1
272
706
973477
1
759
701
706
825838
760582
759
817
748320
663415
436427
173
632
1
31
39
644
1447401
518470
472340
706
817294
878525
1
449
591196
499864
463564
517049
422115
607109
257
784634
592471
1
272
706
754
932886
754
541743
573596
1
719051
896280
838
405188
347971
287
759
695504
287
665729
520445
730949
783936
802270
287
592634
619
31
826
549854
802666
139
360205
709876
1
272
108542
706
643
272
1174946
702532
450967
1
1132556
1
706
954502
567770
287
805196
1
1
430176
328012
164
508484
591708
761683
139
643197
822179
619
1
1
619
172
1
641734
1
698367
759
759
551927
515820
759
759
706
1
324194
287
590140
800738
110
706
701
793055
610959
909556
200
752
1
629425
427753
1
780848
1290164
172
510529
455298
1
78
503025
457
847
721556
754
498121
432332
1033743
200
126
1
653049
598992
961277
602320
747090
448
274534
380139
706
706
574151
690114
644423
173
200
715286
710660
605796
755852
351
759
568334
925031
475145
448
287
1056926
610
448650
1
1
99
443840
884241
759
847
770180
877818
706
807800
354316
909997
242830
904090
236986
633938
31
139
1
1
713348
287
649867
1
691850
423384
258
139
1
532824
831813
576022
910199
287
632649
753510
697022
376
31
507
614170
894717
659653
318911
559740
378039
324225
975543
706
139
653963
389895
330202
31
674217
203656
646956
706
804511
1154564
99
759
759
706
759
706
31
272
931230
706
815422
697403
272
421
897204
706
156
272
1
272
623
213408
689
556328
635598
761268
828516
287
426618
99
31
293094
619144
759
871297
617961
1
759
1
619
384023
1
479731
689235
663072
759
764
759
103
1159063
382147
456940
771971
846662
838
508411
826
1077283
103
1
632625
413276
1
727924
1
566619
1
847
430617
415460
706
1
759
457
882605
443608
272
778890
664256
759
183025
902250
540910
773106
0
272
99
710309
1
272
608
1
25326
99
544920
1
472073
287
644546
747687
1047661
99
322006
1070183
1130059
606322
287
688666
287
783007
581569
759
554951
731067
5129
31
940159
272
1
741734
514563
401085
339559
791
389981
341446
287
377937
350138
208
671
1
847
706
689031
400860
858841
1
373435
1
706
1
154
272
706
31
358864
416490
1
759
623
256686
757766
890966
1
706
623
759
706
287
758144
31
706
643
727095
899905
819458
532504
706
759
1086961
1
709871
552244
287
693812
900126
895436
476109
719000
672194
448
706
680035
31
745476
1
460841
1
457
287
759
180
785317
791
627495
407352
857871
759
656537
421
465914
706
442918
457
706
1
1
326810
770681
847
154
766747
322411
164
31
909250
759
759
673479
217
293511
422569
945812
175
685157
706
762915
1
526522
826
287
287
847
467231
693594
723063
287
430242
139
1028233
180
154
1
759
372980

672732
1
1
1
1
406333
655655
715196
304291
830549
724
691
503267
456653
1
1
469584
741625
306822
231827
985356
62
1
770707
1
780959
169719
1
515076
630412
1
625228
766828
310189
782024
1
764371
550379
1
1
1
1
1
1
183044
564
1
1
1
1
1
298
348087
832390
683490
438684
1
1
438129
496537
446152
715231
790451
750722
673
1
353804
343710
1
836676
643
1
719
671296
884344
1
462
403727
1
298
617102
848187
922453
1
571699
1
1
442699
870779
1
641413
707845
514
499083
725604
1
1
1
1
66490
1
1
1
1
62
1
1
462
243605
1
437656
1
1
1
788380
1
1
291556
738522
0
1
695115
975393
700105
746679
648713
302371
417684
730173
341047
1
380832
390212
138909
742588
911066
722787
796729
379670
371127
1
1
772
155858
1
517692
775
1
592126
1
397059
734582
443360
499951
327103
210116
1
294
407794
604
1
1
1
1
677998
1
173184
1
1
627471
673
1
1
1
1
1
487196
1
1
573606
769908
1
540664
650047
691
702530
691
1
1
1
834248
298
1
1
148125
1
1
1
633605
1
535752
1
841490
619767
1
792
734306
164421
1
1
659597
323312
1
731470
1
691
373183
813218
1
414931
662
1
507668
62
1
1
1
1
1
763045
286802
346
526351
1
1
461104
1
565075
378622
557603
298
287
334229
604
757114
655
476687
298
720919
1
287
486392
298
270956
1
1
1
1
477500
625825
1
1
452514
607087
538751
1
1
287
1
1
564
807119
786787
525478
596430
1
675670
643368
298
631969
622763
673
41
1
604
845068
597241
1
1
1
755095
1
904783
451917
756210
507430
1
635429
519450
431
499242
685600
387182
673
763429
1
308849
1
882
718565
826516
1
1
1
492066
119
519339
0
673
735151
1
528542
1
1
1
751086
434526
1
360963
70
523980
1
1
593222
370
1
298
431
1
509342
1
287
583997
1
532082
1
651444
560514
663190
673
357634
556
539850
1
597087
600416
486783
809
526181
924590
597490
280280
1
228517
860896
1
62
1
1052294
621108
316
1
1
588059
1
586220
647409
298
1
669044
1
832473
564
626428
894
673
685622
1
1
1
1
1
1
1
1
553260
1
673
523591
1
442618
1044336
1
1
1
797360
1
1
711544
1
583
879
1
713800
604
674
855024
243787
483458
1
698353
1
596938
1
630369
1
462
501359
1
1
275215
1
1
1
360448
536822
62
522735
612589
949022
895141
605941
1
455412
490787
620815
319917
477899
529516
339
887345
72567
575527
298
863129
625789
261023
695267
1
310555
298
1
1
1
94
1
1
1
1
642985
452741
1
515139
840134
577083
1
1
1
565049
400428
1
796839
486363
429640
1
1
1
365382
487322
1
593802
1
662
1
229997
777371
855068
307499
298
355466
1
476807
1
390168
1
1
1
1
393489
1
1
696080
474988
442650
673
439322
1
1
1
1
1
240194
633742
870001
1
460674
1
1
1
1
617238
773444
123496
1
1
544298
1
1
292055
564
716398
1
669700
535
645039
289924
1
837978
1
1
1
1
1
1
1
360858
436697
848547
869413
1
1
345413
1
1
1
205004
1
1
707500
451548
1
911771
1
519653
924553
298
1
1
772
652267
1
420093
1
325527
572093
1
462
615994
773003
237436
1
1
1
222894
200362
245809
1
1
1
462
581528
739
569458
1
1
510377
451721
700995
597135
298
1
1
1
499420
770368
416844
1
1
1
1
512261
1
816077
793844
852190
469632
423640
462
455816
335035
486146
673
1
637523
646785
947293
187
281992
1
1
946
1
1
1
1
1
1
578862
1
1
199778
586968
1
333587
248192
1
410198
1
881563
383093
571153
62
1
298
67
648544
620
604
1
1
298
579382
673
799948
1
499373
1
622443
566111
809
536883
1
759852
1
599461
1
111613
345282
1
1
604
462
452726
1
1
0
496031
679818
237
1
1
604
637150
818810
1
1
1
673
691
1
1
1
1
571615
339
431379
323592
287
560353
840864
1
1
1
1
641411
516176
1
1
1
62
1
561921
1
604
1
574703
662
665801
1
288905
1
619940
720390
62
1
795951
174600
866
517525
1
371748
751092
1
1
1
701638
1
1
252683
1
146687
673
603
668838
298
298
934152
742867
415503
577804
411330
1
1
839481
241466
667194
617888
1
298
763411
339
1
1
463
888938
763750
423105
1
1
1
349955
1
673
298
1
893945
673
349358
373454
1
683681
1
1
496778
525991
324931
287129
1
1
828533
1
298
1
708631
1
861458
618372
1
1
1
339
1
714572
463896
1
205410
508229
298
426649
711996
968
514
733292
1
292
1
494027
611329
733
1
421322
371831
691
298
335314
1
1
1
514237
125
673
1149444
726353
268719
608147
1
1
493553
318327
734
638809
940
414039
815651
1
625477
298
1
1
326007
717165
517365
1
1
782362
1
673
479744
463655
786442
621007
94
178451
1
62
554387
1
1005012
244106
364334
276131
442244
1
673
611813
659097
1
691
1
517979
1
1
484120
374436
1
1
62
265457
1
1
1
1
750159
714086
298
1
436807
968
1
766241
129657
611442
560421
1
772
539113
1
778145
1
1
538695
722682
391196
328602
465238
1
1
577191
913483
1
1
1
1
1
1
1
1
1
1
644507
1
558787
822466
537264
1
1
1
673
119662
1
541438
1
562683
774488
416
359107
294
647056
1
462
676646
321764
1
1
625541
850051
316565
1006451
1
666289
1
1
401886
636870
673
1
1
437928
547992
926274
1
1
504468
298
298
438337
515373
779988
790605
673

